time start: 2018-06-24 02:30:05.375536
current generation is 0
Die Tradesanzahl von der besten Strategie: 1 
Die Beste Strategie ist zu kaufen, auf einen Anstieg von 84.70 % zu warten und dann bei einem Abfall von 22.00 % zu verkaufen
sollte der Preis unter 7910.98 % von Einkaufswert fallen dann verkaufe
 Oder sollte er 906.400000 % über den Verkaufswert steigen dann kaufe
  USD, einkaufProzent, verkaufProzent, stoplossEinkauf, stoplossVerkauf 
 (0.00 22.00 84.70 41.20 93.40 1.00 1.01)
 (0.00 44.10 85.40 129.40 107.50 1.00 1.01)
 (0.00 35.90 24.70 40.30 160.60 1.00 1.01)
 (0.00 23.10 125.10 64.40 14.20 1.00 1.01)
 (0.00 132.90 129.80 31.20 51.50 1.00 1.01)
 (0.00 70.90 0.70 14.00 111.50 1.00 1.01)
 (0.00 97.90 97.50 111.10 169.70 1.00 1.01)
 (0.00 97.50 59.30 62.20 7.90 1.00 1.01)
 (0.00 32.80 68.90 95.40 57.50 1.00 1.01)
 (0.00 137.40 160.70 29.50 165.40 1.00 1.01)
 (0.00 56.70 34.70 43.20 83.20 1.00 1.01)
 (0.00 57.40 139.20 46.40 76.50 1.00 1.01)
 (0.00 79.60 43.50 164.20 106.60 1.00 1.01)
 (0.00 136.60 51.80 46.80 198.30 1.00 1.01)
 (0.00 162.40 70.00 183.40 4.40 1.00 1.01)
 (0.00 8.30 120.30 190.40 0.60 1.00 1.01)
 (0.00 4.40 34.40 178.90 137.20 1.00 1.01)
 (0.00 79.80 8.10 159.10 103.10 1.00 1.01)
 (0.00 52.30 15.60 101.80 45.60 1.00 1.01)
 (0.00 168.70 112.00 157.20 86.30 1.00 1.01)
 (0.00 124.90 170.40 166.50 65.20 1.00 1.01)
 (0.00 140.80 65.80 90.60 77.30 1.00 1.01)
 (0.00 121.00 179.10 16.30 163.00 1.00 1.01)
 (0.00 187.60 199.60 184.60 137.10 1.00 1.01)
 (0.00 143.50 145.90 103.50 139.20 1.00 1.01)
 (0.00 4.60 180.70 5.80 172.80 1.00 1.01)
 (0.00 28.50 61.20 53.90 131.20 1.00 1.01)
 (0.00 157.40 15.60 135.60 37.00 1.00 1.01)
 (0.00 153.90 169.30 193.70 74.60 1.00 1.01)
 (0.00 13.50 62.50 174.90 122.60 1.00 1.01)
 (0.00 89.90 11.40 164.40 10.00 1.00 1.01)
 (0.00 100.60 77.80 156.10 10.20 1.00 1.01)
 (0.00 152.70 136.80 127.00 181.10 1.00 1.01)
 (0.00 174.40 107.30 136.20 133.40 1.00 1.01)
 (0.00 44.10 119.00 39.70 3.00 1.00 1.01)
 (0.00 142.30 187.30 67.80 149.20 1.00 1.01)
 (0.00 14.70 185.00 1.50 76.40 1.00 1.01)
 (0.00 19.60 107.60 80.90 61.20 1.00 1.01)
 (0.00 9.90 31.90 145.20 161.10 1.00 1.01)
 (0.00 158.20 128.00 40.60 157.50 1.00 1.01)
 (0.00 113.40 123.30 177.40 37.20 1.00 1.01)
 (0.00 186.70 19.10 118.00 105.60 1.00 1.01)
 (0.00 69.00 36.40 26.60 43.40 1.00 1.01)
 (0.00 179.10 107.00 44.10 79.10 1.00 1.01)
 (0.00 99.20 97.90 136.60 64.00 1.00 1.01)
 (0.00 169.60 45.10 40.30 64.70 1.00 1.01)
 (0.00 104.10 7.50 30.00 92.10 1.00 1.01)
 (0.00 96.00 193.40 128.80 185.60 1.00 1.01)
 (0.00 181.70 119.50 164.80 147.90 1.00 1.01)
 (0.00 115.90 40.60 3.90 102.30 1.00 1.01)
 (0.00 144.70 3.10 158.80 181.10 1.00 1.01)
 (0.00 194.70 61.90 61.40 90.90 1.00 1.01)
 (0.00 173.10 139.70 143.90 181.30 1.00 1.01)
 (0.00 109.70 34.50 67.70 166.60 1.00 1.01)
 (0.00 156.60 184.70 7.00 176.90 1.00 1.01)
 (0.00 188.00 125.10 172.50 176.40 1.00 1.01)
 (0.00 37.00 178.40 23.40 190.30 1.00 1.01)
 (0.00 101.40 86.60 25.00 75.10 1.00 1.01)
 (0.00 109.90 88.20 168.90 94.80 1.00 1.01)
 (0.00 47.30 88.10 107.40 110.40 1.00 1.01)
 (0.00 31.60 58.80 79.50 3.70 1.00 1.01)
 (0.00 39.20 81.70 61.40 7.70 1.00 1.01)
 (0.00 105.70 105.90 37.30 41.20 1.00 1.01)
 (0.00 73.10 138.90 77.90 167.60 1.00 1.01)
 (0.00 132.20 186.30 199.40 181.00 1.00 1.01)
 (0.00 83.10 153.80 73.30 102.50 1.00 1.01)
 (0.00 166.00 120.00 96.20 5.90 1.00 1.01)
 (0.00 192.40 70.70 154.90 106.20 1.00 1.01)
 (0.00 31.10 88.40 45.90 187.80 1.00 1.01)
 (0.00 7.50 107.60 93.40 57.90 1.00 1.01)
 (0.00 145.60 15.40 8.10 71.70 1.00 1.01)
 (0.00 67.30 24.90 149.30 47.00 1.00 1.01)
 (0.00 44.20 37.10 169.60 141.80 1.00 1.01)
 (0.00 186.50 120.40 95.90 69.00 1.00 1.01)
 (0.00 53.80 38.60 129.10 52.00 1.00 1.01)
 (0.00 110.00 14.90 65.00 169.10 1.00 1.01)
 (0.00 101.50 183.00 49.60 166.60 1.00 1.01)
 (0.00 132.50 143.10 38.60 70.30 1.00 1.01)
 (0.00 187.40 56.40 127.90 63.70 1.00 1.01)
 (0.00 80.90 125.20 53.80 12.00 1.00 1.01)
 (0.00 12.10 179.80 172.00 184.20 1.00 1.01)
 (0.00 70.90 103.10 101.50 157.30 1.00 1.01)
 (0.00 185.10 186.70 6.80 65.20 1.00 1.01)
 (0.00 43.10 182.40 195.70 172.90 1.00 1.01)
 (0.00 188.90 81.40 102.10 16.10 1.00 1.01)
 (0.00 181.50 67.50 167.10 90.10 1.00 1.01)
 (0.00 155.20 10.60 55.20 56.40 1.00 1.01)
 (0.00 14.50 112.40 87.80 31.60 1.00 1.01)
 (0.00 178.20 50.30 170.80 19.40 1.00 1.01)
 (0.00 59.50 161.90 76.60 110.10 1.00 1.01)
 (0.00 41.10 70.50 3.50 10.50 1.00 1.01)
 (0.00 146.90 165.20 113.10 122.20 1.00 1.01)
 (0.00 15.70 66.50 139.80 147.10 1.00 1.01)
 (0.00 100.90 69.80 167.20 193.00 1.00 1.01)
 (0.00 95.50 104.80 152.40 46.00 1.00 1.01)
 (0.00 194.30 79.50 60.90 134.10 1.00 1.01)
 (0.00 118.60 11.10 50.00 44.60 1.00 1.01)
 (0.00 3.30 136.40 181.90 177.50 1.00 1.01)
 (0.00 141.10 49.20 185.70 34.60 1.00 1.01)
 (0.00 198.80 102.80 124.10 138.50 1.00 1.01)
 (0.00 195.30 41.30 109.20 97.60 1.00 1.01)
 (0.00 46.80 176.80 76.10 177.50 1.00 1.01)
 (0.00 197.70 152.40 60.20 60.50 1.00 1.01)
 (0.00 21.40 115.00 9.00 19.60 1.00 1.01)
 (0.00 0.70 90.10 17.20 17.90 1.00 1.01)
 (0.00 122.10 115.30 56.20 104.30 1.00 1.01)
 (0.00 113.40 101.10 78.30 110.30 1.00 1.01)
 (0.00 101.70 69.50 149.90 61.30 1.00 1.01)
 (0.00 66.00 24.40 178.40 125.40 1.00 1.01)
 (0.00 152.00 80.40 189.00 43.60 1.00 1.01)
 (0.00 152.90 30.70 155.80 197.00 1.00 1.01)
 (0.00 112.10 149.10 104.50 195.50 1.00 1.01)
 (0.00 113.00 37.70 195.80 79.70 1.00 1.01)
 (0.00 107.50 61.90 14.70 143.20 1.00 1.01)
 (0.00 13.70 85.10 129.50 53.90 1.00 1.01)
 (0.00 99.90 157.10 77.70 130.60 1.00 1.01)
 (0.00 79.90 106.80 120.90 6.50 1.00 1.01)
 (0.00 22.20 51.60 152.20 54.50 1.00 1.01)
 (0.00 42.40 155.10 72.20 39.20 1.00 1.01)
 (0.00 167.70 45.30 134.80 133.40 1.00 1.01)
 (0.00 47.60 188.60 188.30 122.30 1.00 1.01)
 (0.00 173.30 96.70 5.90 194.90 1.00 1.01)
 (0.00 75.80 10.00 40.60 129.80 1.00 1.01)
 (0.00 128.40 62.00 188.70 159.00 1.00 1.01)
 (0.00 141.20 122.20 43.90 158.80 1.00 1.01)
 (0.00 87.50 179.60 109.00 172.40 1.00 1.01)
 (0.00 101.50 88.40 87.90 184.40 1.00 1.01)
 (0.00 111.60 96.50 53.00 45.10 1.00 1.01)
 (0.00 110.10 79.70 88.80 64.10 1.00 1.01)
 (0.00 29.80 182.60 84.50 107.00 1.00 1.01)
 (0.00 58.90 184.90 119.10 44.80 1.00 1.01)
 (0.00 121.20 93.00 47.50 79.20 1.00 1.01)
 (0.00 138.80 100.40 46.40 110.00 1.00 1.01)
 (0.00 158.70 17.00 90.20 159.50 1.00 1.01)
 (0.00 103.20 55.80 77.60 58.90 1.00 1.01)
 (0.00 163.60 99.30 123.90 110.40 1.00 1.01)
 (0.00 99.40 77.00 121.90 118.10 1.00 1.01)
 (0.00 45.10 107.60 177.80 182.90 1.00 1.01)
 (0.00 115.60 152.90 136.10 128.10 1.00 1.01)
 (0.00 95.50 92.30 168.90 104.20 1.00 1.01)
 (0.00 137.60 81.80 67.00 57.40 1.00 1.01)
 (0.00 28.90 164.40 73.10 199.30 1.00 1.01)
 (0.00 159.80 143.50 147.20 91.60 1.00 1.01)
 (0.00 37.70 199.90 22.90 126.00 1.00 1.01)
 (0.00 120.30 18.10 196.50 129.30 1.00 1.01)
 (0.00 17.20 7.90 134.80 113.00 1.00 1.01)
 (0.00 118.30 91.10 120.60 164.60 1.00 1.01)
 (0.00 84.00 139.80 47.10 73.80 1.00 1.01)
 (0.00 195.60 111.90 38.40 22.70 1.00 1.01)
 (0.00 105.50 146.90 74.20 163.60 1.00 1.01)
 (0.00 137.50 121.10 157.20 17.20 1.00 1.01)
 (0.00 53.50 141.60 199.60 81.10 1.00 1.01)
 (0.00 40.60 69.90 82.80 182.50 1.00 1.01)
 (0.00 116.10 43.50 106.00 62.80 1.00 1.01)
 (0.00 155.70 100.20 68.90 63.60 1.00 1.01)
 (0.00 193.10 112.50 4.40 68.60 1.00 1.01)
 (0.00 109.70 145.80 153.10 111.90 1.00 1.01)
 (0.00 198.40 58.10 174.20 159.00 1.00 1.01)
 (0.00 143.40 4.40 171.40 43.40 1.00 1.01)
 (0.00 8.50 199.20 83.60 25.90 1.00 1.01)
 (0.00 23.50 162.20 77.60 22.30 1.00 1.01)
 (0.00 88.90 34.10 79.50 162.50 1.00 1.01)
 (0.00 194.10 106.50 128.80 164.40 1.00 1.01)
 (0.00 86.90 125.20 166.30 159.60 1.00 1.01)
 (0.00 127.30 85.70 48.30 89.40 1.00 1.01)
 (0.00 22.10 16.00 108.50 98.20 1.00 1.01)
 (0.00 66.40 189.70 173.20 0.80 1.00 1.01)
 (0.00 23.60 65.30 80.20 155.40 1.00 1.01)
 (0.00 84.00 49.80 58.90 181.70 1.00 1.01)
 (0.00 134.10 12.20 143.40 22.50 1.00 1.01)
 (0.00 8.10 113.90 14.50 179.10 1.00 1.01)
 (0.00 95.30 12.90 34.00 27.20 1.00 1.01)
 (0.00 175.50 195.90 63.40 173.60 1.00 1.01)
 (0.00 38.20 88.50 32.50 193.00 1.00 1.01)
 (0.00 14.10 115.50 186.20 122.30 1.00 1.01)
 (0.00 198.20 84.60 188.10 100.70 1.00 1.01)
 (0.00 165.90 183.60 87.20 86.30 1.00 1.01)
 (0.00 171.30 82.20 114.80 9.80 1.00 1.01)
 (0.00 193.60 141.80 33.40 166.60 1.00 1.01)
 (0.00 5.90 135.60 53.50 74.40 1.00 1.01)
 (0.00 87.90 123.90 81.30 10.00 1.00 1.01)
 (0.00 77.80 114.90 5.40 10.90 1.00 1.01)
 (0.00 162.90 178.80 23.50 103.70 1.00 1.01)
 (0.00 35.20 87.90 145.80 44.00 1.00 1.01)
 (0.00 89.30 93.70 48.40 181.20 1.00 1.01)
 (0.00 168.60 70.10 32.70 145.70 1.00 1.01)
 (0.00 58.00 157.50 9.00 41.60 1.00 1.01)
 (0.00 72.50 127.20 55.80 180.10 1.00 1.01)
 (0.00 38.70 27.40 188.70 70.20 1.00 1.01)
 (0.00 103.80 30.70 112.60 107.40 1.00 1.01)
 (0.00 61.80 85.50 114.50 166.20 1.00 1.01)
 (0.00 101.40 38.50 197.70 109.90 1.00 1.01)
 (0.00 198.20 155.70 138.60 131.40 1.00 1.01)
 (0.00 149.60 73.50 96.90 101.00 1.00 1.01)
 (0.00 38.60 14.00 117.20 18.20 1.00 1.01)
 (0.00 33.70 30.50 8.10 138.40 1.00 1.01)
 (0.00 170.90 93.80 5.10 93.80 1.00 1.01)
 (0.00 144.30 177.20 37.70 27.40 1.00 1.01)
 (0.00 119.20 153.50 19.10 67.80 1.00 1.01)
 (0.00 156.10 42.80 70.20 68.60 1.00 1.01)
 (0.00 10.20 193.40 14.90 70.90 1.00 1.01)
 (0.00 150.80 129.20 58.90 3.40 1.00 1.01)
 (0.00 100.10 101.80 33.40 121.60 1.00 1.01)
 (0.00 76.60 175.50 72.10 190.90 1.00 1.01)
 (0.00 197.60 92.80 30.50 55.60 1.00 1.01)
 (0.00 13.50 83.60 137.30 16.60 1.00 1.01)
 (0.00 104.40 126.90 199.40 13.90 1.00 1.01)
 (0.00 145.40 78.80 28.50 71.00 1.00 1.01)
 (0.00 106.10 145.60 24.70 9.10 1.00 1.01)
 (0.00 194.60 154.50 154.80 120.00 1.00 1.01)
 (0.00 51.70 48.00 44.60 12.80 1.00 1.01)
 (0.00 87.30 15.60 171.50 89.00 1.00 1.01)
 (0.00 199.40 149.00 49.00 35.60 1.00 1.01)
 (0.00 149.10 75.30 160.90 198.50 1.00 1.01)
 (0.00 77.20 94.70 56.90 192.90 1.00 1.01)
 (0.00 172.30 53.40 124.80 59.90 1.00 1.01)
 (0.00 196.60 80.80 107.00 37.80 1.00 1.01)
 (0.00 86.40 83.40 63.30 96.90 1.00 1.01)
 (0.00 71.20 76.80 5.70 95.00 1.00 1.01)
 (0.00 48.00 90.00 26.90 55.10 1.00 1.01)
 (0.00 78.30 139.60 126.50 57.70 1.00 1.01)
 (0.00 85.00 152.00 36.00 96.70 1.00 1.01)
 (0.00 177.70 35.90 42.00 124.60 1.00 1.01)
 (0.00 23.00 123.20 152.10 16.20 1.00 1.01)
 (0.00 109.40 70.20 24.70 69.70 1.00 1.01)
 (0.00 140.60 124.90 105.00 167.90 1.00 1.01)
 (0.00 113.90 121.10 32.30 70.00 1.00 1.01)
 (0.00 166.50 105.40 113.20 81.70 1.00 1.01)
 (0.00 178.70 91.40 10.90 99.50 1.00 1.01)
 (0.00 131.70 153.50 141.00 30.20 1.00 1.01)
 (0.00 16.20 84.00 178.40 107.40 1.00 1.01)
 (0.00 164.80 170.90 51.00 185.10 1.00 1.01)
 (0.00 52.30 129.70 67.20 112.40 1.00 1.01)
 (0.00 0.90 1.30 132.50 123.90 1.00 1.01)
 (0.00 21.20 117.20 159.10 192.50 1.00 1.01)
 (0.00 179.20 67.10 39.40 101.80 1.00 1.01)
 (0.00 21.60 187.90 24.20 14.00 1.00 1.01)
 (0.00 30.70 188.50 84.40 135.20 1.00 1.01)
 (0.00 161.80 58.00 117.60 146.00 1.00 1.01)
 (0.00 164.90 163.40 10.90 85.30 1.00 1.01)
 (0.00 41.80 156.60 83.00 19.00 1.00 1.01)
 (0.00 117.70 48.70 96.40 195.50 1.00 1.01)
 (0.00 77.70 144.70 133.60 22.50 1.00 1.01)
 (0.00 191.80 116.10 124.40 138.50 1.00 1.01)
 (0.00 123.50 105.10 165.00 70.40 1.00 1.01)
 (0.00 19.60 36.50 41.40 139.00 1.00 1.01)
 (0.00 47.80 76.60 179.10 1.80 1.00 1.01)
 (0.00 108.70 123.20 121.30 2.20 1.00 1.01)
 (0.00 169.80 111.90 63.00 117.00 1.00 1.01)
 (0.00 122.50 30.60 143.00 1.20 1.00 1.01)
 (0.00 115.10 33.50 151.80 126.50 1.00 1.01)
 (0.00 72.00 121.90 148.50 94.90 1.00 1.01)
 (0.00 157.70 10.50 115.30 83.00 1.00 1.01)
 (0.00 39.40 184.10 161.10 97.80 1.00 1.01)
 (0.00 186.60 47.50 40.40 133.50 1.00 1.01)
 (0.00 76.20 141.70 47.50 105.90 1.00 1.01)
 (0.00 90.90 60.20 93.80 123.80 1.00 1.01)
 (0.00 198.80 52.60 183.60 50.20 1.00 1.01)
 (0.00 180.30 128.30 22.60 131.50 1.00 1.01)
 (0.00 190.50 22.20 148.00 164.80 1.00 1.01)
 (0.00 98.90 76.80 110.80 186.80 1.00 1.01)
 (0.00 26.80 5.70 80.90 71.50 1.00 1.01)
 (0.00 152.70 26.10 57.30 101.80 1.00 1.01)
 (0.00 192.40 86.40 160.50 197.60 1.00 1.01)
 (0.00 86.10 96.00 190.00 137.20 1.00 1.01)
 (0.00 87.20 60.50 41.90 21.40 1.00 1.01)
 (0.00 128.80 81.90 0.30 84.20 1.00 1.01)
 (0.00 59.70 118.90 124.60 1.30 1.00 1.01)
 (0.00 50.60 96.80 7.80 58.50 1.00 1.01)
 (0.00 31.00 20.00 70.00 21.70 1.00 1.01)
 (0.00 17.80 93.20 54.80 154.70 1.00 1.01)
 (0.00 96.30 114.60 36.60 192.60 1.00 1.01)
 (0.00 175.00 41.50 160.60 54.00 1.00 1.01)
 (0.00 79.70 135.70 164.40 57.40 1.00 1.01)
 (0.00 0.10 171.60 81.50 166.80 1.00 1.01)
 (0.00 63.30 181.20 25.30 162.70 1.00 1.01)
 (0.00 198.60 85.70 122.50 35.50 1.00 1.01)
 (0.00 170.00 22.30 157.30 46.20 1.00 1.01)
 (0.00 83.40 192.10 189.70 171.20 1.00 1.01)
 (0.00 18.30 172.40 116.70 115.90 1.00 1.01)
 (0.00 160.00 190.60 28.10 129.10 1.00 1.01)
 (0.00 143.50 33.20 107.30 117.90 1.00 1.01)
 (0.00 21.70 16.40 50.00 61.90 1.00 1.01)
 (0.00 171.40 196.60 96.10 38.20 1.00 1.01)
 (0.00 105.80 88.80 143.80 16.50 1.00 1.01)
 (0.00 173.70 193.70 102.40 165.80 1.00 1.01)
 (0.00 61.50 111.20 89.00 115.60 1.00 1.01)
 (0.00 180.40 126.80 18.50 21.80 1.00 1.01)
 (0.00 80.70 175.20 3.20 15.80 1.00 1.01)
 (0.00 167.80 95.50 87.80 7.10 1.00 1.01)
 (0.00 131.10 38.30 40.10 28.90 1.00 1.01)
 (0.00 192.50 81.30 136.20 191.00 1.00 1.01)
 (0.00 90.20 55.30 181.60 174.70 1.00 1.01)
 (0.00 56.90 130.10 74.20 83.80 1.00 1.01)
 (0.00 81.90 118.00 106.70 114.90 1.00 1.01)
 (0.00 95.40 37.30 111.40 27.80 1.00 1.01)
 (0.00 2.70 159.10 169.70 6.00 1.00 1.01)
 (0.00 147.20 110.80 148.90 82.50 1.00 1.01)
 (0.00 39.70 95.50 9.20 60.10 1.00 1.01)
 (0.00 185.40 4.40 61.20 120.40 1.00 1.01)
 (0.00 134.70 133.70 40.10 1.40 1.00 1.01)
 (0.00 134.10 171.60 33.40 192.60 1.00 1.01)
 (0.00 71.50 126.70 55.90 20.50 1.00 1.01)
 (0.00 100.80 111.50 5.70 78.40 1.00 1.01)
 (0.00 113.40 176.20 32.20 155.10 1.00 1.01)
 (0.00 97.40 157.50 11.50 111.20 1.00 1.01)
 (0.00 80.40 106.60 178.80 20.80 1.00 1.01)
 (0.00 82.30 132.70 127.30 24.00 1.00 1.01)
 (0.00 70.60 91.40 98.50 10.20 1.00 1.01)
 (0.00 171.10 187.00 146.50 27.50 1.00 1.01)
 (0.00 124.10 185.90 157.20 60.60 1.00 1.01)
 (0.00 30.10 43.20 28.50 58.80 1.00 1.01)
 (0.00 171.30 197.20 93.80 52.60 1.00 1.01)
 (0.00 79.50 158.00 117.60 116.80 1.00 1.01)
 (0.00 5.70 152.70 162.40 18.00 1.00 1.01)
 (0.00 105.80 180.20 24.40 87.50 1.00 1.01)
 (0.00 33.40 168.30 131.90 32.80 1.00 1.01)
 (0.00 176.00 1.00 121.50 109.90 1.00 1.01)
 (0.00 139.20 66.10 168.30 115.40 1.00 1.01)
 (0.00 122.70 157.20 19.10 51.60 1.00 1.01)
 (0.00 156.30 89.30 168.40 151.30 1.00 1.01)
 (0.00 163.60 61.40 165.80 68.80 1.00 1.01)
 (0.00 130.50 83.70 41.00 127.00 1.00 1.01)
 (0.00 159.10 15.20 171.40 109.30 1.00 1.01)
 (0.00 38.40 33.40 137.00 47.90 1.00 1.01)
 (0.00 99.10 86.00 193.60 127.20 1.00 1.01)
 (0.00 52.70 37.60 24.00 103.10 1.00 1.01)
 (0.00 99.30 36.60 193.50 75.10 1.00 1.01)
 (0.00 47.40 72.00 178.00 117.20 1.00 1.01)
 (0.00 44.70 116.30 104.20 34.20 1.00 1.01)
 (0.00 182.50 21.90 198.90 198.70 1.00 1.01)
 (0.00 160.90 34.60 22.20 43.00 1.00 1.01)
 (0.00 115.00 123.80 117.10 101.70 1.00 1.01)
 (0.00 57.30 61.90 142.20 156.00 1.00 1.01)
 (0.00 78.90 161.70 38.10 57.10 1.00 1.01)
 (0.00 145.60 178.80 84.60 109.50 1.00 1.01)
 (0.00 76.10 184.70 172.60 21.60 1.00 1.01)
 (0.00 173.60 94.40 96.50 78.60 1.00 1.01)
 (0.00 158.70 89.30 45.10 36.50 1.00 1.01)
 (0.00 133.60 15.00 130.70 194.20 1.00 1.01)
 (0.00 195.30 115.40 71.10 10.80 1.00 1.01)
 (0.00 9.50 180.60 87.80 47.10 1.00 1.01)
 (0.00 73.50 42.80 116.70 196.70 1.00 1.01)
 (0.00 163.80 82.20 73.50 96.20 1.00 1.01)
 (0.00 41.30 137.40 45.70 130.50 1.00 1.01)
 (0.00 167.80 37.40 90.50 15.60 1.00 1.01)
 (0.00 88.90 34.60 102.20 108.20 1.00 1.01)
 (0.00 192.60 70.70 101.00 52.20 1.00 1.01)
 (0.00 18.30 83.30 125.50 82.40 1.00 1.01)
 (0.00 36.80 154.20 136.70 83.30 1.00 1.01)
 (0.00 20.60 62.30 15.20 143.20 1.00 1.01)
 (0.00 186.60 183.40 55.20 148.30 1.00 1.01)
 (0.00 79.10 149.00 185.30 19.40 1.00 1.01)
 (0.00 87.20 98.60 183.80 42.10 1.00 1.01)
 (0.00 69.80 56.40 58.30 18.80 1.00 1.01)
 (0.00 50.00 179.60 104.50 108.20 1.00 1.01)
 (0.00 172.50 61.20 182.20 160.10 1.00 1.01)
 (0.00 185.20 101.30 18.80 71.30 1.00 1.01)
 (0.00 183.40 108.90 77.40 187.40 1.00 1.01)
 (0.00 81.90 75.30 136.60 3.60 1.00 1.01)
 (0.00 70.50 123.50 25.10 146.90 1.00 1.01)
 (0.00 7.50 187.10 6.40 172.00 1.00 1.01)
 (0.00 11.40 101.70 115.30 15.20 1.00 1.01)
 (0.00 53.10 80.40 15.00 28.70 1.00 1.01)
 (0.00 175.30 69.10 134.90 13.00 1.00 1.01)
 (0.00 15.20 143.20 13.40 138.70 1.00 1.01)
 (0.00 37.10 14.00 15.70 58.40 1.00 1.01)
 (0.00 5.90 88.30 115.30 70.50 1.00 1.01)
 (0.00 189.20 56.80 97.60 37.20 1.00 1.01)
 (0.00 64.70 97.10 49.70 78.60 1.00 1.01)
 (0.00 164.80 177.60 119.30 12.50 1.00 1.01)
 (0.00 9.50 29.00 14.30 17.20 1.00 1.01)
 (0.00 6.00 43.10 138.30 77.70 1.00 1.01)
 (0.00 114.70 102.50 127.40 100.10 1.00 1.01)
 (0.00 191.20 130.50 41.50 25.30 1.00 1.01)
 (0.00 109.80 32.60 150.50 36.80 1.00 1.01)
 (0.00 74.20 115.70 156.00 102.20 1.00 1.01)
 (0.00 119.00 105.70 29.20 195.50 1.00 1.01)
 (0.00 182.90 150.20 183.30 65.40 1.00 1.01)
 (0.00 17.70 17.60 182.80 152.90 1.00 1.01)
 (0.00 93.30 110.20 175.80 144.90 1.00 1.01)
 (0.00 189.60 49.80 172.30 7.70 1.00 1.01)
 (0.00 12.50 197.10 77.30 80.70 1.00 1.01)
 (0.00 186.40 138.80 112.10 108.20 1.00 1.01)
 (0.00 187.10 111.30 31.20 155.60 1.00 1.01)
 (0.00 157.60 91.20 187.60 174.10 1.00 1.01)
 (0.00 91.90 44.00 82.20 10.80 1.00 1.01)
 (0.00 67.70 47.40 103.60 151.70 1.00 1.01)
 (0.00 168.40 80.90 164.10 23.60 1.00 1.01)
 (0.00 48.30 34.90 40.40 152.10 1.00 1.01)
 (0.00 71.70 3.00 16.40 110.70 1.00 1.01)
 (0.00 111.90 108.10 8.50 26.80 1.00 1.01)
 (0.00 179.50 177.50 169.20 177.80 1.00 1.01)
 (0.00 57.10 27.40 11.90 163.40 1.00 1.01)
 (0.00 44.10 10.00 152.50 178.70 1.00 1.01)
 (0.00 173.20 106.30 65.00 0.60 1.00 1.01)
 (0.00 172.00 188.70 190.10 187.30 1.00 1.01)
 (0.00 18.90 175.40 102.40 190.50 1.00 1.01)
 (0.00 102.10 111.20 52.10 80.40 1.00 1.01)
 (0.00 94.20 25.90 111.40 53.60 1.00 1.01)
 (0.00 69.00 0.70 180.30 129.40 1.00 1.01)
 (0.00 103.60 198.00 191.50 120.30 1.00 1.01)
 (0.00 53.20 77.60 195.30 93.00 1.00 1.01)
 (0.00 85.20 137.60 78.20 68.10 1.00 1.01)
 (0.00 146.40 167.70 93.80 70.50 1.00 1.01)
 (0.00 87.80 86.20 96.70 40.70 1.00 1.01)
 (0.00 94.90 2.60 11.00 84.90 1.00 1.01)
 (0.00 194.10 105.90 5.10 140.50 1.00 1.01)
 (0.00 36.70 116.50 80.70 125.40 1.00 1.01)
 (0.00 132.50 161.00 190.60 85.80 1.00 1.01)
 (0.00 134.90 184.20 75.30 78.10 1.00 1.01)
 (0.00 17.60 58.10 103.40 159.80 1.00 1.01)
 (0.00 173.50 182.40 194.60 170.30 1.00 1.01)
 (0.00 197.40 172.30 90.30 126.50 1.00 1.01)
 (0.00 4.90 33.00 66.10 98.80 1.00 1.01)
 (0.00 28.50 168.80 130.60 86.90 1.00 1.01)
 (0.00 149.80 77.70 73.20 113.30 1.00 1.01)
 (0.00 190.90 88.40 187.60 61.20 1.00 1.01)
 (0.00 123.50 125.90 61.90 86.10 1.00 1.01)
 (0.00 186.90 58.90 7.40 82.90 1.00 1.01)
 (0.00 163.00 187.60 177.60 160.60 1.00 1.01)
 (0.00 140.50 115.30 108.40 181.60 1.00 1.01)
 (0.00 168.30 193.50 102.70 0.70 1.00 1.01)
 (0.00 175.60 133.40 69.00 152.70 1.00 1.01)
 (0.00 199.60 47.60 191.70 121.70 1.00 1.01)
 (0.00 99.20 95.30 106.10 92.60 1.00 1.01)
 (0.00 133.00 28.90 77.00 183.20 1.00 1.01)
 (0.00 78.80 151.90 126.70 185.60 1.00 1.01)
 (0.00 38.10 145.50 11.10 123.50 1.00 1.01)
 (0.00 153.10 38.90 81.00 128.40 1.00 1.01)
 (0.00 65.40 79.80 195.10 7.50 1.00 1.01)
 (0.00 194.20 198.10 95.30 38.30 1.00 1.01)
 (0.00 80.00 195.50 5.60 66.80 1.00 1.01)
 (0.00 177.10 77.90 86.20 193.50 1.00 1.01)
 (0.00 148.90 43.40 58.40 191.50 1.00 1.01)
 (0.00 144.90 74.80 132.50 99.10 1.00 1.01)
 (0.00 196.10 18.50 31.10 192.30 1.00 1.01)
 (0.00 85.60 95.70 194.90 4.30 1.00 1.01)
 (0.00 50.60 19.80 25.30 188.10 1.00 1.01)
 (0.00 34.50 195.10 171.10 43.00 1.00 1.01)
 (0.00 129.70 20.30 102.60 15.70 1.00 1.01)
 (0.00 56.70 65.60 67.60 158.40 1.00 1.01)
 (0.00 155.60 19.70 175.40 175.70 1.00 1.01)
 (0.00 47.70 116.20 150.60 138.30 1.00 1.01)
 (0.00 47.80 131.10 4.60 76.20 1.00 1.01)
 (0.00 11.40 149.30 152.60 60.00 1.00 1.01)
 (0.00 122.40 180.20 36.60 145.10 1.00 1.01)
 (0.00 46.90 57.50 119.10 166.60 1.00 1.01)
 (0.00 53.20 128.20 85.50 121.80 1.00 1.01)
 (0.00 168.80 194.10 156.30 40.50 1.00 1.01)
 (0.00 181.10 35.20 24.10 190.60 1.00 1.01)
 (0.00 26.40 116.90 37.90 187.00 1.00 1.01)
 (0.00 20.00 173.80 153.00 34.00 1.00 1.01)
 (0.00 93.20 49.00 40.90 172.10 1.00 1.01)
 (0.00 87.20 15.60 63.50 104.40 1.00 1.01)
 (0.00 90.80 144.60 57.80 77.80 1.00 1.01)
 (0.00 63.90 91.50 190.60 8.90 1.00 1.01)
 (0.00 149.50 88.20 26.30 94.90 1.00 1.01)
 (0.00 180.30 12.70 176.30 38.00 1.00 1.01)
 (0.00 89.50 21.20 73.40 171.00 1.00 1.01)
 (0.00 90.90 92.30 183.40 157.50 1.00 1.01)
 (0.00 49.80 7.50 96.10 185.00 1.00 1.01)
 (0.00 105.90 187.40 96.10 19.70 1.00 1.01)
 (0.00 129.10 130.20 100.50 83.80 1.00 1.01)
 (0.00 8.30 23.50 154.20 47.50 1.00 1.01)
 (0.00 171.20 137.30 147.40 84.10 1.00 1.01)
 (0.00 37.00 118.50 127.30 117.00 1.00 1.01)
 (0.00 109.30 4.70 161.30 49.50 1.00 1.01)
 (0.00 167.00 160.80 27.70 22.50 1.00 1.01)
 (0.00 110.80 16.80 36.60 88.10 1.00 1.01)
 (0.00 120.90 105.90 166.30 172.80 1.00 1.01)
 (0.00 158.20 187.60 102.40 180.10 1.00 1.01)
 (0.00 177.90 197.20 119.20 16.40 1.00 1.01)
 (0.00 197.50 89.20 199.20 70.70 1.00 1.01)
 (0.00 16.70 59.60 6.40 68.70 1.00 1.01)
 (0.00 102.60 25.20 47.10 95.40 1.00 1.01)
 (0.00 46.70 119.40 114.90 49.20 1.00 1.01)
 (0.00 184.80 161.50 61.80 70.50 1.00 1.01)
 (0.00 141.60 97.70 58.70 66.60 1.00 1.01)
 (0.00 180.00 130.80 51.50 87.90 1.00 1.01)
 (0.00 86.50 52.50 171.10 186.60 1.00 1.01)
 (0.00 29.40 81.00 110.80 157.30 1.00 1.01)
 (0.00 39.90 2.80 193.90 132.00 1.00 1.01)
 (0.00 56.70 62.90 41.40 30.10 1.00 1.01)
 (0.00 153.20 160.60 55.60 179.20 1.00 1.01)
 (0.00 85.90 193.60 129.10 101.50 1.00 1.01)
 (0.00 115.60 137.40 87.60 23.00 1.00 1.01)
 (0.00 114.40 44.50 198.30 58.80 1.00 1.01)
 (0.00 142.30 93.90 154.20 179.80 1.00 1.01)
 (0.00 139.30 125.10 63.80 72.80 1.00 1.01)
 (0.00 91.20 32.10 178.00 178.40 1.00 1.01)
 (0.00 75.80 158.90 181.50 177.20 1.00 1.01)
 (0.00 11.20 130.60 148.90 174.40 1.00 1.01)
 (0.00 166.40 185.40 59.40 0.80 1.00 1.01)
 (0.00 50.40 154.40 138.50 188.70 1.00 1.01)
 (0.00 17.70 62.30 196.80 31.50 1.00 1.01)
 (0.00 118.60 142.00 121.20 139.90 1.00 1.01)
 (0.00 194.30 16.00 140.50 76.00 1.00 1.01)
 (0.00 145.70 126.20 100.90 9.40 1.00 1.01)
 (0.00 116.50 189.40 11.60 121.00 1.00 1.01)
 (0.00 147.60 2.20 58.20 35.80 1.00 1.01)
 (0.00 152.10 4.90 168.30 174.30 1.00 1.01)
 (0.00 158.30 45.10 7.90 40.00 1.00 1.01)
 (0.00 26.30 135.20 121.90 35.30 1.00 1.01)
 (0.00 24.30 60.80 13.00 78.10 1.00 1.01)
 (0.00 86.20 116.90 142.10 132.00 1.00 1.01)
 (0.00 178.70 94.40 182.10 158.10 1.00 1.01)
 (0.00 178.80 62.60 125.70 46.40 1.00 1.01)
 (0.00 188.90 106.00 39.70 158.20 1.00 1.01)
 (0.00 65.60 84.70 141.80 30.70 1.00 1.01)
 (0.00 74.20 22.80 190.70 115.90 1.00 1.01)
 (0.00 82.00 4.30 31.50 120.90 1.00 1.01)
 (0.00 72.80 34.40 9.10 187.80 1.00 1.01)
 (0.00 131.60 66.80 183.60 119.80 1.00 1.01)
 (0.00 192.40 62.20 99.20 169.50 1.00 1.01)
 (0.00 169.10 189.00 17.70 151.30 1.00 1.01)
 (0.00 93.30 90.20 178.70 110.10 1.00 1.01)
 (0.00 10.10 64.50 185.80 41.70 1.00 1.01)
 (0.00 122.80 122.80 35.50 93.60 1.00 1.01)
 (0.00 139.60 75.60 66.10 80.40 1.00 1.01)
 (0.00 76.90 44.20 184.90 194.70 1.00 1.01)
 (0.00 87.20 83.90 65.40 112.00 1.00 1.01)
 (0.00 193.60 23.90 44.20 71.90 1.00 1.01)
 (0.00 41.30 115.30 127.90 29.20 1.00 1.01)
 (0.00 110.50 122.90 188.30 13.00 1.00 1.01)
 (0.00 170.60 114.40 0.80 136.10 1.00 1.01)
 (0.00 123.20 194.30 46.70 58.40 1.00 1.01)
 (0.00 85.80 3.60 138.90 183.20 1.00 1.01)
 (0.00 173.20 91.00 21.60 59.50 1.00 1.01)
 (0.00 21.80 167.40 12.70 67.50 1.00 1.01)
 (0.00 49.20 194.20 131.50 70.60 1.00 1.01)
 (0.00 152.70 14.20 75.50 173.10 1.00 1.01)
 (0.00 84.20 88.80 40.70 182.70 1.00 1.01)
 (0.00 49.40 75.40 136.40 29.90 1.00 1.01)
 (0.00 11.70 63.30 1.40 105.60 1.00 1.01)
 (0.00 125.60 106.50 39.10 11.50 1.00 1.01)
 (0.00 9.70 12.70 103.40 126.20 1.00 1.01)
 (0.00 111.20 133.60 156.10 37.70 1.00 1.01)
 (0.00 39.20 40.70 159.40 43.80 1.00 1.01)
 (0.00 123.70 60.40 128.30 1.70 1.00 1.01)
 (0.00 39.60 165.70 113.70 111.40 1.00 1.01)
 (0.00 71.00 32.00 6.10 3.30 1.00 1.01)
 (0.00 191.80 16.30 1.50 5.20 1.00 1.01)
 (0.00 139.40 176.10 17.80 145.20 1.00 1.01)
 (0.00 182.60 158.30 29.20 5.10 1.00 1.01)
 (0.00 42.30 198.90 109.30 60.60 1.00 1.01)
 (0.00 85.60 104.10 18.50 154.70 1.00 1.01)
 (0.00 47.30 49.80 150.60 27.70 1.00 1.01)
 (0.00 174.80 142.80 153.60 45.20 1.00 1.01)
 (0.00 99.50 140.90 106.80 47.80 1.00 1.01)
 (0.00 8.20 118.50 99.10 193.60 1.00 1.01)
 (0.00 116.90 176.70 34.10 158.60 1.00 1.01)
 (0.00 55.70 79.50 179.00 27.70 1.00 1.01)
 (0.00 168.00 55.10 148.40 188.40 1.00 1.01)
 (0.00 109.40 135.90 158.30 182.90 1.00 1.01)
 (0.00 191.60 21.60 13.80 39.50 1.00 1.01)
 (0.00 153.60 9.50 121.00 185.60 1.00 1.01)
 (0.00 170.80 91.20 78.00 156.30 1.00 1.01)
 (0.00 29.10 77.60 74.20 61.30 1.00 1.01)
 (0.00 103.00 109.60 98.20 104.10 1.00 1.01)
 (0.00 5.30 175.90 69.70 103.60 1.00 1.01)
 (0.00 164.20 74.40 127.50 196.30 1.00 1.01)
 (0.00 159.90 26.20 106.20 31.20 1.00 1.01)
 (0.00 154.50 197.80 52.80 62.00 1.00 1.01)
 (0.00 50.70 93.00 61.70 186.20 1.00 1.01)
 (0.00 32.10 63.70 159.20 47.60 1.00 1.01)
 (0.00 96.40 30.30 120.70 87.40 1.00 1.01)
 (0.00 72.00 72.90 161.30 78.70 1.00 1.01)
 (0.00 36.40 172.70 125.70 180.80 1.00 1.01)
 (0.00 4.90 57.70 63.20 152.00 1.00 1.01)
 (0.00 134.20 17.80 127.70 12.40 1.00 1.01)
 (0.00 181.50 44.40 101.60 92.60 1.00 1.01)
 (0.00 18.40 172.40 166.90 168.70 1.00 1.01)
 (0.00 96.10 73.80 31.00 158.50 1.00 1.01)
 (0.00 123.50 162.40 5.90 57.50 1.00 1.01)
 (0.00 132.60 82.20 15.40 3.40 1.00 1.01)
 (0.00 142.00 62.40 39.10 74.80 1.00 1.01)
 (0.00 99.10 147.10 163.60 93.10 1.00 1.01)
 (0.00 164.90 43.60 195.80 34.50 1.00 1.01)
 (0.00 124.40 137.40 174.70 75.20 1.00 1.01)
 (0.00 24.30 127.90 178.60 171.00 1.00 1.01)
 (0.00 120.40 17.90 91.10 94.10 1.00 1.01)
 (0.00 172.00 195.40 99.70 159.40 1.00 1.01)
 (0.00 129.80 196.30 22.90 19.40 1.00 1.01)
 (0.00 182.30 110.80 150.70 22.80 1.00 1.01)
 (0.00 18.90 5.60 1.20 199.90 1.00 1.01)
 (0.00 67.60 174.20 123.20 86.90 1.00 1.01)
 (0.00 134.80 113.00 196.60 161.70 1.00 1.01)
 (0.00 95.40 23.20 42.30 11.50 1.00 1.01)
 (0.00 115.70 137.10 193.50 17.10 1.00 1.01)
 (0.00 67.40 23.90 22.90 38.60 1.00 1.01)
 (0.00 136.70 126.60 78.60 118.20 1.00 1.01)
 (0.00 35.10 97.20 20.60 93.00 1.00 1.01)
 (0.00 71.20 117.80 193.10 125.10 1.00 1.01)
 (0.00 130.10 45.60 58.50 62.90 1.00 1.01)
 (0.00 34.50 156.90 38.70 158.90 1.00 1.01)
 (0.00 194.80 91.60 11.00 117.80 1.00 1.01)
 (0.00 176.40 188.80 152.70 61.40 1.00 1.01)
 (0.00 10.90 134.30 94.10 115.80 1.00 1.01)
 (0.00 83.40 187.50 143.60 126.50 1.00 1.01)
 (0.00 57.90 44.00 138.90 137.40 1.00 1.01)
 (0.00 3.00 151.80 5.80 183.10 1.00 1.01)
 (0.00 195.20 145.80 197.20 187.40 1.00 1.01)
 (0.00 192.70 53.70 194.20 105.10 1.00 1.01)
 (0.00 19.20 145.20 88.20 182.20 1.00 1.01)
 (0.00 31.40 78.20 106.30 176.60 1.00 1.01)
 (0.00 56.70 124.80 101.70 44.70 1.00 1.01)
 (0.00 147.00 109.20 56.50 191.50 1.00 1.01)
 (0.00 147.30 14.90 83.10 83.40 1.00 1.01)
 (0.00 43.60 95.20 120.00 177.00 1.00 1.01)
 (0.00 114.90 30.50 56.40 139.00 1.00 1.01)
 (0.00 188.30 34.80 97.10 149.50 1.00 1.01)
 (0.00 82.90 59.70 161.90 35.10 1.00 1.01)
 (0.00 57.50 94.70 183.10 59.10 1.00 1.01)
 (0.00 14.70 75.50 135.90 61.80 1.00 1.01)
 (0.00 66.10 156.90 55.70 149.40 1.00 1.01)
 (0.00 133.90 133.00 67.50 64.90 1.00 1.01)
 (0.00 26.60 51.80 125.80 99.20 1.00 1.01)
 (0.00 111.50 181.20 163.40 125.60 1.00 1.01)
 (0.00 85.30 6.90 77.50 119.90 1.00 1.01)
 (0.00 95.70 84.20 180.20 97.80 1.00 1.01)
 (0.00 143.60 182.20 159.20 27.20 1.00 1.01)
 (0.00 63.90 120.20 83.40 45.40 1.00 1.01)
 (0.00 55.50 189.10 108.10 106.80 1.00 1.01)
 (0.00 167.30 88.20 168.50 151.60 1.00 1.01)
 (0.00 18.20 171.60 13.90 174.10 1.00 1.01)
 (0.00 98.70 44.40 196.30 57.00 1.00 1.01)
 (0.00 145.30 173.90 182.80 96.20 1.00 1.01)
 (0.00 89.50 120.90 35.70 142.70 1.00 1.01)
 (0.00 50.80 160.90 54.20 134.30 1.00 1.01)
 (0.00 3.50 51.10 197.00 21.10 1.00 1.01)
 (0.00 24.60 126.40 23.50 84.70 1.00 1.01)
 (0.00 56.80 18.00 164.60 40.10 1.00 1.01)
 (0.00 73.80 17.50 32.00 79.80 1.00 1.01)
 (0.00 126.10 117.00 195.50 40.20 1.00 1.01)
 (0.00 180.00 144.20 126.70 156.00 1.00 1.01)
 (0.00 84.60 65.60 138.30 27.20 1.00 1.01)
 (0.00 196.70 176.80 65.50 68.50 1.00 1.01)
 (0.00 92.80 85.90 86.60 102.00 1.00 1.01)
 (0.00 86.60 23.80 117.30 28.30 1.00 1.01)
 (0.00 98.60 40.10 58.30 33.00 1.00 1.01)
 (0.00 190.50 38.70 182.40 133.30 1.00 1.01)
 (0.00 148.50 40.30 141.10 101.50 1.00 1.01)
 (0.00 92.40 141.70 76.90 115.10 1.00 1.01)
 (0.00 50.60 102.90 2.90 57.70 1.00 1.01)
 (0.00 176.70 24.00 129.10 96.10 1.00 1.01)
 (0.00 148.70 129.00 94.30 109.40 1.00 1.01)
 (0.00 24.70 162.50 139.00 149.50 1.00 1.01)
 (0.00 31.80 0.10 161.40 42.00 1.00 1.01)
 (0.00 24.00 198.10 105.80 111.00 1.00 1.01)
 (0.00 122.50 85.20 169.50 103.30 1.00 1.01)
 (0.00 6.90 71.80 152.50 157.90 1.00 1.01)
 (0.00 0.50 123.50 122.40 134.50 1.00 1.01)
 (0.00 56.90 0.60 134.20 195.30 1.00 1.01)
 (0.00 104.80 68.20 50.10 124.40 1.00 1.01)
 (0.00 135.90 81.40 144.30 165.70 1.00 1.01)
 (0.00 61.20 184.70 103.70 144.90 1.00 1.01)
 (0.00 83.50 191.90 119.40 189.80 1.00 1.01)
 (0.00 184.30 27.50 111.00 156.40 1.00 1.01)
 (0.00 23.80 51.70 111.20 192.40 1.00 1.01)
 (0.00 97.40 131.80 165.00 138.40 1.00 1.01)
 (0.00 138.50 59.20 23.70 13.30 1.00 1.01)
 (0.00 73.10 26.60 128.60 19.10 1.00 1.01)
 (0.00 149.10 149.50 63.90 147.90 1.00 1.01)
 (0.00 106.40 10.80 154.60 158.00 1.00 1.01)
 (0.00 9.10 10.10 40.10 184.50 1.00 1.01)
 (0.00 147.10 192.50 135.60 79.30 1.00 1.01)
 (0.00 158.80 92.50 198.00 122.80 1.00 1.01)
 (0.00 93.00 152.50 179.50 113.60 1.00 1.01)
 (0.00 187.10 176.50 93.60 37.50 1.00 1.01)
 (0.00 13.70 14.70 18.70 130.90 1.00 1.01)
 (0.00 154.00 176.80 142.70 133.30 1.00 1.01)
 (0.00 104.00 135.20 106.20 86.80 1.00 1.01)
 (0.00 199.70 139.00 165.00 164.70 1.00 1.01)
 (0.00 33.50 23.90 36.80 107.10 1.00 1.01)
 (0.00 76.40 60.30 158.60 99.00 1.00 1.01)
 (0.00 138.40 148.10 119.90 115.60 1.00 1.01)
 (0.00 106.70 9.20 191.00 8.80 1.00 1.01)
 (0.00 32.70 43.50 191.10 25.50 1.00 1.01)
 (0.00 189.20 156.00 148.00 91.50 1.00 1.01)
 (0.00 72.70 104.40 151.20 100.30 1.00 1.01)
 (0.00 78.40 110.60 101.60 122.90 1.00 1.01)
 (0.00 26.40 155.60 94.70 9.70 1.00 1.01)
 (0.00 16.50 112.00 91.50 11.20 1.00 1.01)
 (0.00 63.20 10.50 46.50 24.00 1.00 1.01)
 (0.00 168.60 63.90 37.00 146.70 1.00 1.01)
 (0.00 112.10 155.70 54.90 99.60 1.00 1.01)
 (0.00 76.40 158.70 98.00 185.70 1.00 1.01)
 (0.00 51.70 145.30 24.20 26.00 1.00 1.01)
 (0.00 36.30 91.10 88.10 158.10 1.00 1.01)
 (0.00 97.10 26.40 133.80 133.10 1.00 1.01)
 (0.00 12.80 113.30 121.30 26.50 1.00 1.01)
 (0.00 189.10 55.50 127.30 17.30 1.00 1.01)
 (0.00 68.60 72.80 23.90 149.40 1.00 1.01)
 (0.00 78.40 167.00 166.70 116.00 1.00 1.01)
 (0.00 165.20 111.70 80.00 99.80 1.00 1.01)
 (0.00 182.70 170.70 11.60 109.50 1.00 1.01)
 (0.00 86.00 130.00 8.30 61.60 1.00 1.01)
 (0.00 30.60 199.90 136.10 83.30 1.00 1.01)
 (0.00 143.80 55.00 123.80 15.80 1.00 1.01)
 (0.00 105.90 122.20 31.80 104.60 1.00 1.01)
 (0.00 93.90 130.60 10.80 182.90 1.00 1.01)
 (0.00 14.10 178.40 57.20 48.10 1.00 1.01)
 (0.00 60.70 141.90 19.70 184.80 1.00 1.01)
 (0.00 142.00 95.60 18.70 158.60 1.00 1.01)
 (0.00 64.20 199.70 120.60 62.10 1.00 1.01)
 (0.00 184.70 97.40 38.10 165.80 1.00 1.01)
 (0.00 186.90 191.00 124.50 135.50 1.00 1.01)
 (0.00 123.70 9.90 71.70 94.10 1.00 1.01)
 (0.00 173.20 140.80 127.10 38.70 1.00 1.01)
 (0.00 131.20 16.70 183.50 198.80 1.00 1.01)
 (0.00 93.40 190.80 33.90 196.80 1.00 1.01)
 (0.00 85.10 164.50 71.40 199.50 1.00 1.01)
 (0.00 146.90 138.60 158.00 3.70 1.00 1.01)
 (0.00 90.80 166.00 1.00 97.70 1.00 1.01)
 (0.00 72.70 76.20 177.80 154.40 1.00 1.01)
 (0.00 151.10 19.80 83.40 79.40 1.00 1.01)
 (0.00 72.30 88.70 30.30 76.00 1.00 1.01)
 (0.00 172.40 52.30 117.80 56.20 1.00 1.01)
 (0.00 162.70 195.30 54.60 130.20 1.00 1.01)
 (0.00 90.80 2.40 75.10 122.90 1.00 1.01)
 (0.00 45.00 19.70 39.00 69.70 1.00 1.01)
 (0.00 133.50 140.10 173.60 103.00 1.00 1.01)
 (0.00 165.40 77.20 49.90 129.80 1.00 1.01)
 (0.00 51.90 1.10 49.30 0.60 1.00 1.01)
 (0.00 1.90 23.90 15.00 135.70 1.00 1.01)
 (0.00 130.50 25.90 157.40 4.80 1.00 1.01)
 (0.00 20.30 70.80 51.90 154.00 1.00 1.01)
 (0.00 70.90 39.40 123.70 97.90 1.00 1.01)
 (0.00 63.70 133.50 69.00 167.50 1.00 1.01)
 (0.00 128.20 4.30 163.70 143.70 1.00 1.01)
 (0.00 9.70 136.80 199.30 7.50 1.00 1.01)
 (0.00 118.90 149.90 35.50 173.10 1.00 1.01)
 (0.00 15.20 119.70 65.00 14.30 1.00 1.01)
 (0.00 16.20 191.80 149.30 174.30 1.00 1.01)
 (0.00 140.50 85.80 178.60 100.50 1.00 1.01)
 (0.00 7.30 50.60 51.90 158.10 1.00 1.01)
 (0.00 191.90 192.80 63.20 34.50 1.00 1.01)
 (0.00 28.90 86.80 116.90 172.20 1.00 1.01)
 (0.00 93.40 25.80 88.30 185.30 1.00 1.01)
 (0.00 1.70 12.10 155.50 4.00 1.00 1.01)
 (0.00 47.90 161.20 65.30 110.40 1.00 1.01)
 (0.00 146.30 187.90 95.30 127.90 1.00 1.01)
 (0.00 4.00 95.90 190.10 142.30 1.00 1.01)
 (0.00 93.40 129.30 119.50 135.90 1.00 1.01)
 (0.00 86.80 188.60 132.60 61.60 1.00 1.01)
 (0.00 44.30 101.90 15.70 9.80 1.00 1.01)
 (0.00 78.40 43.60 186.20 175.00 1.00 1.01)
 (0.00 123.80 161.90 28.00 31.60 1.00 1.01)
 (0.00 74.90 6.80 62.00 168.00 1.00 1.01)
 (0.00 26.30 67.70 161.00 192.50 1.00 1.01)
 (0.00 195.70 138.70 110.50 140.40 1.00 1.01)
 (0.00 81.00 106.10 183.50 110.60 1.00 1.01)
 (0.00 53.80 27.70 133.60 49.20 1.00 1.01)
 (0.00 1.50 42.50 61.90 23.30 1.00 1.01)
 (0.00 181.10 64.80 85.90 163.30 1.00 1.01)
 (0.00 89.90 113.60 6.50 95.80 1.00 1.01)
 (0.00 178.40 165.50 112.60 109.60 1.00 1.01)
 (0.00 90.40 69.20 86.20 124.00 1.00 1.01)
 (0.00 81.80 55.80 119.60 176.00 1.00 1.01)
 (0.00 19.20 141.30 188.90 95.00 1.00 1.01)
 (0.00 83.50 37.80 161.90 114.40 1.00 1.01)
 (0.00 148.20 42.80 37.70 166.20 1.00 1.01)
 (0.00 188.70 98.20 3.80 0.40 1.00 1.01)
 (0.00 124.90 183.40 197.60 110.30 1.00 1.01)
 (0.00 117.00 173.10 175.20 184.40 1.00 1.01)
 (0.00 107.60 74.20 60.30 193.20 1.00 1.01)
 (0.00 61.80 178.50 48.40 105.50 1.00 1.01)
 (0.00 136.90 127.10 14.90 13.10 1.00 1.01)
 (0.00 77.60 15.20 93.10 32.20 1.00 1.01)
 (0.00 171.10 90.00 182.00 114.90 1.00 1.01)
 (0.00 43.90 3.10 180.80 56.10 1.00 1.01)
 (0.00 127.50 13.00 18.40 59.00 1.00 1.01)
 (0.00 174.50 193.40 9.10 88.50 1.00 1.01)
 (0.00 133.30 61.60 154.60 181.60 1.00 1.01)
 (0.00 73.60 38.60 114.30 164.00 1.00 1.01)
 (0.00 57.20 110.40 13.80 25.80 1.00 1.01)
 (0.00 57.80 166.20 148.80 117.40 1.00 1.01)
 (0.00 176.00 181.50 0.20 75.30 1.00 1.01)
 (0.00 165.40 68.00 64.00 172.90 1.00 1.01)
 (0.00 13.50 112.50 69.90 124.60 1.00 1.01)
 (0.00 3.40 28.00 32.30 75.10 1.00 1.01)
 (0.00 139.60 180.70 70.60 147.30 1.00 1.01)
 (0.00 96.00 189.20 80.60 94.30 1.00 1.01)
 (0.00 57.20 172.40 12.30 169.70 1.00 1.01)
 (0.00 134.80 46.90 141.60 154.30 1.00 1.01)
 (0.00 79.80 178.30 22.40 41.90 1.00 1.01)
 (0.00 96.90 91.90 56.40 7.50 1.00 1.01)
 (0.00 55.40 156.20 160.10 27.10 1.00 1.01)
 (0.00 22.60 180.10 15.90 180.10 1.00 1.01)
 (0.00 90.60 184.70 66.70 82.00 1.00 1.01)
 (0.00 35.10 64.20 95.10 146.00 1.00 1.01)
 (0.00 25.40 98.90 46.80 132.30 1.00 1.01)
 (0.00 136.90 116.20 7.00 186.60 1.00 1.01)
 (0.00 80.60 38.80 6.60 140.40 1.00 1.01)
 (0.00 132.90 186.70 189.10 19.70 1.00 1.01)
 (0.00 21.30 165.30 0.80 8.30 1.00 1.01)
 (0.00 159.60 41.90 90.60 134.50 1.00 1.01)
 (0.00 37.50 140.30 54.80 105.00 1.00 1.01)
 (0.00 79.10 131.40 8.30 11.70 1.00 1.01)
 (0.00 78.20 66.70 57.40 140.10 1.00 1.01)
 (0.00 139.00 190.80 65.70 7.80 1.00 1.01)
 (0.00 135.30 151.90 67.20 1.40 1.00 1.01)
 (0.00 191.50 179.70 35.70 35.40 1.00 1.01)
 (0.00 184.00 79.20 183.60 115.80 1.00 1.01)
 (0.00 36.20 52.00 48.20 65.50 1.00 1.01)
 (0.00 32.90 99.80 42.90 59.80 1.00 1.01)
 (0.00 129.60 99.10 11.60 151.30 1.00 1.01)
 (0.00 174.40 47.10 163.80 108.60 1.00 1.01)
 (0.00 13.30 105.00 141.30 96.40 1.00 1.01)
 (0.00 167.30 153.80 173.00 114.80 1.00 1.01)
 (0.00 145.70 58.40 87.40 170.00 1.00 1.01)
 (0.00 167.80 144.50 15.40 75.80 1.00 1.01)
 (0.00 170.10 89.50 89.80 176.30 1.00 1.01)
 (0.00 178.70 147.50 124.80 33.70 1.00 1.01)
 (0.00 149.00 76.10 4.30 182.90 1.00 1.01)
 (0.00 72.20 39.50 189.70 44.50 1.00 1.01)
 (0.00 95.30 108.00 86.90 117.60 1.00 1.01)
 (0.00 157.00 52.30 173.60 23.10 1.00 1.01)
 (0.00 160.40 120.70 135.50 54.50 1.00 1.01)
 (0.00 21.00 3.10 13.50 24.00 1.00 1.01)
 (0.00 48.80 43.00 159.90 137.00 1.00 1.01)
 (0.00 84.80 19.10 29.40 38.50 1.00 1.01)
 (0.00 151.80 56.40 165.00 28.80 1.00 1.01)
 (0.00 84.10 117.50 79.50 91.30 1.00 1.01)
 (0.00 94.30 151.80 2.40 159.30 1.00 1.01)
 (0.00 190.50 142.00 191.20 88.10 1.00 1.01)
 (0.00 147.60 147.00 3.50 109.20 1.00 1.01)
 (0.00 110.90 32.60 92.90 156.10 1.00 1.01)
 (0.00 7.40 147.90 23.10 79.50 1.00 1.01)
 (0.00 134.90 50.70 13.10 27.50 1.00 1.01)
 (0.00 191.10 194.90 22.00 199.30 1.00 1.01)
 (0.00 148.90 177.30 147.40 133.10 1.00 1.01)
 (0.00 33.00 112.50 20.90 149.90 1.00 1.01)
 (0.00 159.20 34.80 103.50 102.00 1.00 1.01)
 (0.00 141.90 36.80 15.60 90.10 1.00 1.01)
 (0.00 185.10 95.80 20.20 184.10 1.00 1.01)
 (0.00 175.10 111.40 166.70 41.00 1.00 1.01)
 (0.00 62.50 85.80 20.20 87.00 1.00 1.01)
 (0.00 26.40 109.20 79.00 175.70 1.00 1.01)
 (0.00 83.60 183.10 83.80 181.80 1.00 1.01)
 (0.00 153.20 189.10 62.10 46.20 1.00 1.01)
 (0.00 3.00 111.10 114.90 186.90 1.00 1.01)
 (0.00 188.00 81.10 3.40 109.80 1.00 1.01)
 (0.00 116.30 52.60 195.80 87.10 1.00 1.01)
 (0.00 181.50 108.50 197.80 50.00 1.00 1.01)
 (0.00 113.80 26.80 66.80 166.90 1.00 1.01)
 (0.00 48.40 195.30 167.90 15.80 1.00 1.01)
 (0.00 139.70 14.80 192.30 55.90 1.00 1.01)
 (0.00 126.80 26.50 145.90 133.50 1.00 1.01)
 (0.00 137.80 15.50 126.70 176.20 1.00 1.01)
 (0.00 45.90 30.60 152.40 11.10 1.00 1.01)
 (0.00 29.50 193.10 7.70 23.40 1.00 1.01)
 (0.00 104.50 151.40 174.70 191.70 1.00 1.01)
 (0.00 127.10 55.50 3.50 23.90 1.00 1.01)
 (0.00 173.70 47.80 73.40 168.00 1.00 1.01)
 (0.00 105.00 82.70 37.20 58.00 1.00 1.01)
 (0.00 86.60 100.70 148.20 23.10 1.00 1.01)
 (0.00 109.20 158.10 0.60 21.70 1.00 1.01)
 (0.00 62.30 28.30 168.70 138.00 1.00 1.01)
 (0.00 69.50 132.60 101.10 70.50 1.00 1.01)
 (0.00 3.40 85.00 77.90 10.80 1.00 1.01)
 (0.00 11.30 162.00 40.80 61.00 1.00 1.01)
 (0.00 94.70 45.10 159.40 134.10 1.00 1.01)
 (0.00 17.80 138.10 149.40 85.50 1.00 1.01)
 (0.00 94.40 81.20 123.10 78.80 1.00 1.01)
 (0.00 39.10 26.80 70.50 137.10 1.00 1.01)
 (0.00 83.30 118.50 66.80 78.90 1.00 1.01)
 (0.00 146.20 96.60 150.40 3.80 1.00 1.01)
 (0.00 115.90 118.40 6.50 4.40 1.00 1.01)
 (0.00 135.30 38.60 90.20 76.10 1.00 1.01)
 (0.00 51.10 189.60 197.90 53.60 1.00 1.01)
 (0.00 138.50 74.20 61.10 19.30 1.00 1.01)
 (0.00 148.60 55.70 138.90 77.80 1.00 1.01)
 (0.00 99.30 125.20 178.70 125.20 1.00 1.01)
 (0.00 6.20 194.10 7.10 44.90 1.00 1.01)
 (0.00 173.80 65.60 37.70 20.50 1.00 1.01)
 (0.00 159.80 140.80 172.90 192.30 1.00 1.01)
 (0.00 60.90 138.40 197.50 100.30 1.00 1.01)
 (0.00 0.40 143.70 112.40 187.50 1.00 1.01)
 (0.00 167.10 48.10 0.50 154.50 1.00 1.01)
 (0.00 43.90 191.10 152.90 198.20 1.00 1.01)
 (0.00 123.90 90.60 15.10 162.80 1.00 1.01)
 (0.00 164.50 160.50 141.20 49.70 1.00 1.01)
 (0.00 194.40 76.90 65.50 84.40 1.00 1.01)
 (0.00 174.70 133.10 134.10 36.10 1.00 1.01)
 (0.00 123.30 30.40 77.10 181.60 1.00 1.01)
 (0.00 3.10 181.80 182.10 51.90 1.00 1.01)
 (0.00 126.50 127.00 117.40 132.10 1.00 1.01)
 (0.00 136.80 72.20 63.60 186.00 1.00 1.01)
 (0.00 28.50 73.40 167.70 188.80 1.00 1.01)
 (0.00 63.90 105.00 111.90 78.60 1.00 1.01)
 (0.00 135.80 123.90 185.70 24.40 1.00 1.01)
 (0.00 1.30 151.10 199.90 122.60 1.00 1.01)
 (0.00 43.80 149.20 117.80 59.60 1.00 1.01)
 (0.00 31.90 73.80 23.30 70.60 1.00 1.01)
 (0.00 108.30 40.20 149.30 10.80 1.00 1.01)
 (0.00 166.70 23.10 148.80 189.40 1.00 1.01)
 (0.00 175.70 12.00 43.70 185.40 1.00 1.01)
 (0.00 68.20 82.60 5.50 196.30 1.00 1.01)
 (0.00 64.00 62.70 96.60 176.30 1.00 1.01)
 (0.00 87.60 45.50 48.00 102.20 1.00 1.01)
 (0.00 7.70 6.30 130.20 68.70 1.00 1.01)
 (0.00 193.00 143.30 26.70 7.40 1.00 1.01)
 (0.00 158.80 183.50 132.10 51.40 1.00 1.01)
 (0.00 49.80 137.20 11.60 109.20 1.00 1.01)
 (0.00 83.60 101.70 118.30 83.20 1.00 1.01)
 (0.00 144.50 118.10 30.20 63.40 1.00 1.01)
 (0.00 129.20 194.00 0.70 105.00 1.00 1.01)
 (0.00 61.00 119.30 85.90 186.10 1.00 1.01)
 (0.00 16.80 63.70 159.90 103.10 1.00 1.01)
 (0.00 98.30 9.90 137.90 113.80 1.00 1.01)
 (0.00 199.80 7.40 162.60 78.60 1.00 1.01)
 (0.00 155.60 41.80 31.50 178.70 1.00 1.01)
 (0.00 121.00 67.10 102.70 183.00 1.00 1.01)
 (0.00 76.60 79.00 146.50 98.90 1.00 1.01)
 (0.00 9.60 100.30 7.10 143.30 1.00 1.01)
 (0.00 192.30 36.90 136.00 142.10 1.00 1.01)
 (0.00 83.70 116.50 58.60 41.50 1.00 1.01)
 (0.00 123.20 86.50 45.20 26.40 1.00 1.01)
 (0.00 127.30 141.10 84.50 55.20 1.00 1.01)
 (0.00 53.70 122.80 94.60 191.60 1.00 1.01)
 (0.00 132.20 95.80 110.50 196.70 1.00 1.01)
 (0.00 173.40 144.70 73.10 30.70 1.00 1.01)
 (0.00 180.50 80.80 28.10 80.20 1.00 1.01)
 (0.00 14.70 184.50 121.70 169.30 1.00 1.01)
 (0.00 63.10 154.30 58.30 180.60 1.00 1.01)
 (0.00 117.70 136.60 42.00 159.10 1.00 1.01)
 (0.00 21.60 72.30 94.30 65.00 1.00 1.01)
 (0.00 153.60 74.30 44.80 178.60 1.00 1.01)
 (0.00 159.00 12.50 158.00 79.90 1.00 1.01)
 (0.00 167.80 142.20 61.50 35.40 1.00 1.01)
 (0.00 71.30 174.70 56.90 30.40 1.00 1.01)
 (0.00 172.20 103.40 66.90 124.50 1.00 1.01)
 (0.00 113.50 142.10 30.10 52.50 1.00 1.01)
 (0.00 100.80 7.70 108.50 172.90 1.00 1.01)
 (0.00 20.20 38.70 191.60 138.20 1.00 1.01)
 (0.00 69.70 106.80 58.00 175.40 1.00 1.01)
 (0.00 23.00 10.40 157.20 57.60 1.00 1.01)
 (0.00 178.90 13.40 22.40 110.50 1.00 1.01)
 (0.00 18.50 95.30 21.80 18.90 1.00 1.01)
 (0.00 128.40 23.90 133.80 55.10 1.00 1.01)
 (0.00 100.80 102.70 6.30 169.90 1.00 1.01)
 (0.00 44.70 91.10 66.80 106.10 1.00 1.01)
 (0.00 136.90 192.50 77.30 126.50 1.00 1.01)
 (0.00 188.30 154.70 142.40 153.40 1.00 1.01)
 (0.00 120.60 106.90 61.10 63.30 1.00 1.01)
 (0.00 136.70 126.40 140.90 123.90 1.00 1.01)
 (0.00 79.00 94.60 164.20 153.30 1.00 1.01)
 (0.00 129.90 188.20 108.50 48.90 1.00 1.01)
 (0.00 5.20 20.00 121.70 182.30 1.00 1.01)
 (0.00 23.90 163.60 135.60 9.60 1.00 1.01)
 (0.00 132.60 133.30 59.70 175.90 1.00 1.01)
 (0.00 140.70 19.00 12.00 188.50 1.00 1.01)
 (0.00 61.30 147.30 85.10 149.20 1.00 1.01)
 (0.00 63.80 18.40 25.90 195.90 1.00 1.01)
 (0.00 23.30 146.70 177.10 85.80 1.00 1.01)
 (0.00 45.90 169.40 120.80 191.70 1.00 1.01)
 (0.00 132.90 99.50 15.10 123.50 1.00 1.01)
 (0.00 181.50 46.10 76.00 14.00 1.00 1.01)
 (0.00 97.70 147.40 166.30 69.50 1.00 1.01)
 (0.00 125.70 22.50 4.30 196.60 1.00 1.01)
 (0.00 84.20 156.90 37.50 58.30 1.00 1.01)
 (0.00 10.70 88.20 131.60 101.50 1.00 1.01)
 (0.00 142.10 63.90 60.20 177.90 1.00 1.01)
 (0.00 22.30 118.70 110.20 57.50 1.00 1.01)
 (0.00 161.30 23.30 148.70 127.70 1.00 1.01)
 (0.00 38.70 151.50 151.30 31.50 1.00 1.01)
 (0.00 195.10 61.60 180.80 152.10 1.00 1.01)
 (0.00 98.00 138.70 187.30 89.20 1.00 1.01)
 (0.00 45.80 126.20 132.70 89.20 1.00 1.01)
 (0.00 147.80 174.60 111.90 29.20 1.00 1.01)
 (0.00 59.60 122.10 161.70 54.00 1.00 1.01)
 (0.00 4.20 90.00 119.70 168.50 1.00 1.01)
 (0.00 193.90 138.30 60.80 147.70 1.00 1.01)
 (0.00 179.20 108.40 190.70 5.60 1.00 1.01)
 (0.00 109.30 9.70 96.80 21.30 1.00 1.01)
 (0.00 199.30 60.20 65.00 186.20 1.00 1.01)
 (0.00 70.40 35.60 189.90 152.90 1.00 1.01)
 (0.00 88.50 137.70 76.60 158.20 1.00 1.01)
 (0.00 24.90 133.10 47.20 168.10 1.00 1.01)
 (0.00 27.00 81.90 58.90 121.10 1.00 1.01)
 (0.00 25.00 108.10 159.90 68.80 1.00 1.01)
 (0.00 175.80 148.20 165.20 67.50 1.00 1.01)
 (0.00 143.40 44.50 62.10 162.00 1.00 1.01)
 (0.00 116.10 38.00 63.70 81.90 1.00 1.01)
 (0.00 129.90 93.80 50.00 55.40 1.00 1.01)
 (0.00 36.70 40.40 46.40 107.50 1.00 1.01)
 (0.00 153.20 27.80 62.00 125.40 1.00 1.01)
 (0.00 107.70 125.40 199.90 79.60 1.00 1.01)
 (0.00 76.10 76.60 195.20 85.60 1.00 1.01)
 (0.00 154.30 129.70 54.50 120.60 1.00 1.01)
 (0.00 10.40 165.30 137.10 41.20 1.00 1.01)
 (0.00 23.40 129.60 108.70 154.20 1.00 1.01)
 (0.00 125.40 104.90 30.20 53.40 1.00 1.01)
 (0.00 26.30 181.20 49.10 29.00 1.00 1.01)
 (0.00 21.50 104.60 155.80 17.30 1.00 1.01)
 (0.00 173.30 193.10 128.80 0.20 1.00 1.01)
 (0.00 120.60 35.60 118.70 96.50 1.00 1.01)
 (0.00 137.90 193.90 9.40 10.70 1.00 1.01)
Hold: 1008
The best strategy is -100.000000 % better than holding
Entire job took:0:00:00.770936
